-5 0.00673795 0.00673828 0.00336931 0.00112121 
-4.7 0.00909528 0.00909573 0.00454809 0.00151268 
-4.4 0.0122773 0.012278 0.00613928 0.00204293 
-4.1 0.0165727 0.0165735 0.00828717 0.00275705 
-3.8 0.0223708 0.0223719 0.0111865 0.00373255 
-3.5 0.0301974 0.0301989 0.0151002 0.00503879 
-3.2 0.0407622 0.0407642 0.0203831 0.00680127 
-2.9 0.0550232 0.055026 0.0275144 0.00918363 
-2.6 0.0742736 0.0742773 0.0371405 0.0123929 
-2.3 0.100259 0.100264 0.0501344 0.016725 
-2 0.135335 0.135342 0.0676744 0.0225607 
-1.7 0.182684 0.182693 0.0913509 0.0304432 
-1.4 0.246597 0.246609 0.123311 0.0411153 
-1.1 0.332871 0.332888 0.166452 0.0554741 
-0.8 0.449329 0.449351 0.224687 0.074903 
-0.5 0.606531 0.606561 0.303296 0.101086 
-0.2 0.818731 0.818772 0.409406 0.136446 
0.1 1.10517 1.10523 0.552641 0.184186 
0.4 1.49182 1.4919 0.745987 0.248727 
0.7 2.01375 2.01385 1.00698 0.335583 
1 2.71828 2.71842 1.35928 0.453193 
1.3 3.6693 3.66948 1.83483 0.611659 
1.6 4.95303 4.95328 2.47676 0.825858 
1.9 6.68589 6.68623 3.34328 1.11466 
2.2 9.02501 9.02546 4.51296 1.50605 
2.5 12.1825 12.1831 6.09186 2.03304 
2.8 16.4446 16.4455 8.22315 2.74269 
3.1 22.198 22.1991 11.1001 3.70489 
3.4 29.9641 29.9656 14.9835 4.99867 
3.7 40.4473 40.4493 20.2257 6.75016 
4 54.5982 54.6009 27.3018 9.08547 
4.3 73.6998 73.7035 36.8536 12.2592 
4.6 99.4843 99.4893 49.7471 16.5533 
4.9 134.29 134.296 67.1516 22.3537 
5.2 181.272 181.281 90.6452 30.1696 
5.5 244.692 244.704 122.358 40.7188 
5.8 330.3 330.316 165.166 54.9676 
6.1 445.858 445.88 222.951 74.1996 
6.4 601.845 601.875 300.953 100.158 
6.7 812.406 812.446 406.244 135.174 
7 1096.63 1096.69 548.371 182.467 
7.3 1480.3 1480.37 740.224 246.321 
7.6 1998.2 1998.3 999.198 332.534 
7.9 2697.28 2697.42 1348.78 448.76 
8.2 3640.95 3641.13 1820.66 607.012 
8.5 4914.77 4915.01 2457.63 819.152 
8.8 6634.24 6634.58 3317.45 1105.64 
9.1 8955.29 8955.74 4478.09 1492.78 
9.4 12088.4 12089 6044.79 2015.44 
9.7 16317.6 16318.4 8159.62 2720 
10 22026.5 22027.6 11014.3 3671.93 
10.3 29732.6 29734.1 14867.8 4956.14 
10.6 40134.8 40136.8 20069.4 6687.82 
10.9 54176.4 54179.1 27090.9 9029.46 
11.2 73130.4 73134.1 36568.9 12192.1 
11.5 98715.8 98720.7 49362.8 16455.8 
11.8 133252 133259 66632.8 22206.2 
12.1 179872 179881 89944.9 29972.1 
12.4 242802 242814 121413 40478.6 
12.7 327748 327764 163890 54647.3 
13 442413 442436 221229 73749.1 
13.3 597196 597225 298628 99573.9 
13.6 806130 806170 403105 134343 
13.9 1.08816e+06 1.08822e+06 544135 181414 
14.2 1.46886e+06 1.46894e+06 734506 244744 
14.5 1.98276e+06 1.98286e+06 991479 330464 
14.8 2.67645e+06 2.67658e+06 1.33836e+06 446259 
15.1 3.61282e+06 3.613e+06 1.80659e+06 602333 
15.4 4.8768e+06 4.87704e+06 2.43864e+06 812734 
15.7 6.58299e+06 6.58332e+06 3.29183e+06 1.09694e+06 
16 8.88611e+06 8.88655e+06 4.4435e+06 1.4808e+06 
16.3 1.1995e+07 1.19956e+07 5.9981e+06 1.99924e+06 
16.6 1.61915e+07 1.61924e+07 8.09658e+06 2.69866e+06 
16.9 2.18563e+07 2.18574e+07 1.09292e+07 3.64271e+06 
17.2 2.95029e+07 2.95044e+07 1.47529e+07 4.91676e+06 
17.5 3.98248e+07 3.98268e+07 1.99144e+07 6.63474e+06 
17.8 5.37578e+07 5.37605e+07 2.68816e+07 8.95932e+06 
18.1 7.25655e+07 7.25691e+07 3.62864e+07 1.20973e+07 
18.4 9.79532e+07 9.79581e+07 4.89815e+07 1.63292e+07 
18.7 1.32223e+08 1.3223e+08 6.61181e+07 2.20413e+07 
19 1.78482e+08 1.78491e+08 8.92501e+07 2.97527e+07 
19.3 2.40926e+08 2.40938e+08 1.20475e+08 4.01586e+07 
19.6 3.25216e+08 3.25232e+08 1.62624e+08 5.42204e+07 
19.9 4.38996e+08 4.39018e+08 2.1952e+08 7.31846e+07 
20.2 5.92582e+08 5.92612e+08 2.96321e+08 9.87848e+07 
20.5 7.99902e+08 7.99942e+08 3.99991e+08 1.33276e+08 
20.8 1.07975e+09 1.07981e+09 5.39931e+08 1.79927e+08 
21.1 1.45752e+09 1.45759e+09 7.28831e+08 2.42869e+08 
21.4 1.96744e+09 1.96754e+09 9.83819e+08 3.28024e+08 
21.7 2.65577e+09 2.6559e+09 1.32802e+09 4.42664e+08 
22 3.58491e+09 3.58509e+09 1.79264e+09 5.97556e+08 
22.3 4.83913e+09 4.83937e+09 2.41981e+09 8.06491e+08 
22.6 6.53214e+09 6.53246e+09 3.2664e+09 1.08894e+09 
22.9 8.81746e+09 8.8179e+09 4.40917e+09 1.46993e+09 
23.2 1.19023e+10 1.19029e+10 5.95176e+09 1.98491e+09 
23.5 1.60665e+10 1.60673e+10 8.03404e+09 2.67855e+09 
23.8 2.16875e+10 2.16885e+10 1.08448e+10 3.61506e+09 
24.1 2.9275e+10 2.92765e+10 1.4639e+10 4.87836e+09 
24.4 3.95171e+10 3.95191e+10 1.97605e+10 6.58925e+09 
24.7 5.33425e+10 5.33452e+10 2.66739e+10 8.89333e+09 
25 7.20049e+10 7.20085e+10 3.6006e+10 1.20087e+10 
25.3 9.71964e+10 9.72013e+10 4.86031e+10 1.62023e+10 
25.6 1.31201e+11 1.31208e+11 6.56073e+10 2.18735e+10 
25.9 1.77103e+11 1.77112e+11 8.85606e+10 2.95258e+10 
26.2 2.39065e+11 2.39077e+11 1.19544e+11 3.98458e+10 
26.5 3.22704e+11 3.2272e+11 1.61368e+11 5.37618e+10 
26.8 4.35604e+11 4.35626e+11 2.17824e+11 7.25911e+10 
27.1 5.88004e+11 5.88034e+11 2.94032e+11 9.80021e+10 
27.4 7.93723e+11 7.93762e+11 3.96901e+11 1.32263e+11 
27.7 1.07141e+12 1.07147e+12 5.3576e+11 1.78569e+11 
28 1.44626e+12 1.44633e+12 7.23201e+11 2.41089e+11 
28.3 1.95224e+12 1.95234e+12 9.76219e+11 3.25399e+11 
28.6 2.63525e+12 2.63538e+12 1.31776e+12 4.39453e+11 
28.9 3.55722e+12 3.5574e+12 1.77879e+12 5.93099e+11 
29.2 4.80174e+12 4.80198e+12 2.40111e+12 8.0013e+11 
29.5 6.48167e+12 6.482e+12 3.24116e+12 1.0804e+12 
29.8 8.74935e+12 8.74978e+12 4.37511e+12 1.45866e+12 
30.1 1.18104e+13 1.1811e+13 5.90578e+12 1.96842e+12 
30.4 1.59423e+13 1.59431e+13 7.97197e+12 2.6569e+12 
30.7 2.15199e+13 2.1521e+13 1.0761e+13 3.58724e+12 
31 2.90488e+13 2.90503e+13 1.45259e+13 4.84245e+12 
31.3 3.92118e+13 3.92138e+13 1.96079e+13 6.53385e+12 
31.6 5.29305e+13 5.29331e+13 2.64679e+13 8.82161e+12 
31.9 7.14486e+13 7.14522e+13 3.57279e+13 1.19167e+13 
32.2 9.64456e+13 9.64504e+13 4.82276e+13 1.63073e+13 
32.5 1.30188e+14 1.30194e+14 6.51004e+13 2.20104e+13 
32.8 1.75735e+14 1.75744e+14 8.78764e+13 2.97083e+13 
33.1 2.37218e+14 2.3723e+14 1.18621e+14 4.00938e+13 
33.4 3.20211e+14 3.20227e+14 1.60121e+14 5.4125e+13 
33.7 4.32239e+14 4.32261e+14 2.16141e+14 7.30625e+13 
34 5.83462e+14 5.83491e+14 2.9176e+14 9.86458e+13 
34.3 7.87591e+14 7.8763e+14 3.93835e+14 1.33104e+14 
34.6 1.06314e+15 1.06319e+15 5.31621e+14 1.79688e+14 
34.9 1.43508e+15 1.43516e+15 7.17613e+14 2.42583e+14 
35.2 1.93716e+15 1.93726e+15 9.68677e+14 3.27417e+14 
35.5 2.61489e+15 2.61502e+15 1.30758e+15 4.42167e+14 
35.8 3.52974e+15 3.52991e+15 1.76504e+15 5.9675e+14 
36.1 4.76465e+15 4.76489e+15 2.38256e+15 8.05667e+14 
36.4 6.4316e+15 6.43192e+15 3.21612e+15 1.087e+15 
36.7 8.68175e+15 8.68219e+15 4.34131e+15 1.4675e+15 
37 1.17191e+16 1.17197e+16 5.86015e+15 1.98133e+15 
37.3 1.58192e+16 1.582e+16 7.91038e+15 2.67433e+15 
37.6 2.13537e+16 2.13547e+16 1.06779e+16 3.60867e+15 
37.9 2.88244e+16 2.88259e+16 1.44137e+16 4.874e+15 
38.2 3.89089e+16 3.89109e+16 1.94564e+16 6.57867e+15 
38.5 5.25216e+16 5.25242e+16 2.62634e+16 8.87733e+15 
38.8 7.08967e+16 7.09002e+16 3.54519e+16 1.1988e+16 
39.1 9.57005e+16 9.57053e+16 4.7855e+16 1.61707e+16 
39.4 1.29182e+17 1.29189e+17 6.45975e+16 2.184e+16 
39.7 1.74378e+17 1.74386e+17 8.71975e+16 2.94827e+16 
40 2.35385e+17 2.35397e+17 1.17704e+17 3.98027e+16 
40.3 3.17737e+17 3.17753e+17 1.58884e+17 5.37173e+16 
40.6 4.289e+17 4.28921e+17 2.14471e+17 7.24907e+16 
40.9 5.78954e+17 5.78983e+17 2.89506e+17 9.79413e+16 
41.2 7.81507e+17 7.81546e+17 3.90792e+17 1.32096e+17 
41.5 1.05492e+18 1.05498e+18 5.27514e+17 1.78304e+17 
41.8 1.424e+18 1.42407e+18 7.1207e+17 2.40811e+17 
42.1 1.9222e+18 1.92229e+18 9.61193e+17 3.24949e+17 
42.4 2.59469e+18 2.59482e+18 1.29748e+18 4.38528e+17 
42.7 3.50247e+18 3.50264e+18 1.75141e+18 5.92213e+17 
43 4.72784e+18 4.72808e+18 2.36415e+18 7.99573e+17 
43.3 6.38192e+18 6.38223e+18 3.19127e+18 1.07947e+18 
43.6 8.61469e+18 8.61512e+18 4.30777e+18 1.4563e+18 
43.9 1.16286e+19 1.16292e+19 5.81488e+18 1.96676e+18 
44.2 1.5697e+19 1.56978e+19 7.84927e+18 2.65353e+18 
44.5 2.11887e+19 2.11898e+19 1.05954e+19 3.58195e+18 
44.8 2.86018e+19 2.86032e+19 1.43023e+19 4.83601e+18 
45.1 3.86083e+19 3.86103e+19 1.93061e+19 6.52766e+18 
45.4 5.21158e+19 5.21184e+19 2.60605e+19 8.8105e+18 
45.7 7.0349e+19 7.03525e+19 3.5178e+19 1.18948e+19 
46 9.49612e+19 9.49659e+19 4.74853e+19 1.60536e+19 
46.3 1.28184e+20 1.28191e+20 6.40985e+19 2.16678e+19 
46.6 1.73031e+20 1.73039e+20 8.65239e+19 2.92564e+19 
46.9 2.33567e+20 2.33579e+20 1.16795e+20 3.94745e+19 
47.2 3.15282e+20 3.15298e+20 1.57657e+20 5.33026e+19 
47.5 4.25587e+20 4.25608e+20 2.12814e+20 7.19585e+19 
47.8 5.74482e+20 5.7451e+20 2.87269e+20 9.71134e+19 
48.1 7.75469e+20 7.75508e+20 3.87773e+20 1.31116e+20 
48.4 1.04677e+21 1.04683e+21 5.23439e+20 1.76947e+20 
48.7 1.413e+21 1.41307e+21 7.06569e+20 2.38813e+20 
49 1.90735e+21 1.90744e+21 9.53768e+20 3.2235e+20 
49.3 2.57465e+21 2.57478e+21 1.28745e+21 4.35246e+20 
49.6 3.47541e+21 3.47559e+21 1.73788e+21 5.87639e+20 
49.9 4.69132e+21 4.69155e+21 2.34589e+21 7.92986e+20 
50.2 6.33261e+21 6.33293e+21 3.16662e+21 1.07077e+21 
50.5 8.54813e+21 8.54856e+21 4.27449e+21 1.44511e+21 
50.8 1.15388e+22 1.15394e+22 5.76996e+21 1.9507e+21 
51.1 1.55757e+22 1.55765e+22 7.78863e+21 2.63262e+21 
51.4 2.1025e+22 2.10261e+22 1.05136e+22 3.55537e+21 
51.7 2.83808e+22 2.83822e+22 1.41918e+22 4.79898e+21 
52 3.83101e+22 3.8312e+22 1.91569e+22 6.47461e+21 
52.3 5.17132e+22 5.17158e+22 2.58592e+22 8.74373e+21 
52.6 6.98055e+22 6.9809e+22 3.49062e+22 1.18028e+22 
52.9 9.42276e+22 9.42323e+22 4.71185e+22 1.59328e+22 
53.2 1.27194e+23 1.272e+23 6.36033e+22 2.15e+22 
53.5 1.71694e+23 1.71702e+23 8.58555e+22 2.90246e+22 
53.8 2.31762e+23 2.31774e+23 1.15893e+23 3.91804e+22 
54.1 3.12847e+23 3.12862e+23 1.56439e+23 5.28818e+22 
54.4 4.22299e+23 4.2232e+23 2.1117e+23 7.13815e+22 
54.7 5.70044e+23 5.70072e+23 2.8505e+23 9.63683e+22 
55 7.69479e+23 7.69517e+23 3.84777e+23 1.30079e+23 
55.3 1.03869e+24 1.03874e+24 5.19395e+23 1.75579e+23 
55.6 1.40208e+24 1.40215e+24 7.0111e+23 2.37029e+23 
55.9 1.89261e+24 1.89271e+24 9.464e+23 3.1993e+23 
56.2 2.55476e+24 2.55489e+24 1.27751e+24 4.31913e+23 
56.5 3.44856e+24 3.44874e+24 1.72445e+24 5.82863e+23 
56.8 4.65507e+24 4.65531e+24 2.32777e+24 7.87053e+23 
57.1 6.28369e+24 6.28401e+24 3.14216e+24 1.06211e+24 
57.4 8.4821e+24 8.48252e+24 4.24147e+24 1.43398e+24 
57.7 1.14496e+25 1.14502e+25 5.72539e+24 1.93596e+24 
58 1.54554e+25 1.54562e+25 7.72846e+24 2.61313e+24 
58.3 2.08626e+25 2.08636e+25 1.04323e+25 3.52617e+24 
58.6 2.81616e+25 2.8163e+25 1.40822e+25 4.75882e+24 
58.9 3.80141e+25 3.8016e+25 1.90089e+25 6.42599e+24 
59.2 5.13137e+25 5.13163e+25 2.56594e+25 8.67583e+24 
59.5 6.92662e+25 6.92697e+25 3.46366e+25 1.17109e+25 
59.8 9.34997e+25 9.35043e+25 4.67545e+25 1.58112e+25 
60.1 1.26211e+26 1.26218e+26 6.31119e+25 2.13345e+25 
60.4 1.70367e+26 1.70376e+26 8.51922e+25 2.88164e+25 
60.7 2.29972e+26 2.29984e+26 1.14997e+26 3.88838e+25 
61 3.1043e+26 3.10445e+26 1.5523e+26 5.24788e+25 
61.3 4.19036e+26 4.19057e+26 2.09539e+26 7.08498e+25 
61.6 5.6564e+26 5.65668e+26 2.82848e+26 9.56346e+25 
61.9 7.63534e+26 7.63572e+26 3.81805e+26 1.29101e+26 
62.2 1.03066e+27 1.03071e+27 5.15383e+26 1.74181e+26 
62.5 1.39125e+27 1.39132e+27 6.95694e+26 2.35204e+26 
62.8 1.87799e+27 1.87808e+27 9.39089e+26 3.1753e+26 
63.1 2.53502e+27 2.53515e+27 1.26764e+27 4.28535e+26 
63.4 3.42192e+27 3.42209e+27 1.71113e+27 5.78435e+26 
63.7 4.61911e+27 4.61934e+27 2.30979e+27 7.80928e+26 
64 6.23515e+27 6.23546e+27 3.11789e+27 1.02456e+27 
64.3 8.41657e+27 8.41699e+27 4.20871e+27 1.383e+27 
64.6 1.13612e+28 1.13618e+28 5.68116e+27 1.86624e+27 
64.9 1.5336e+28 1.53368e+28 7.66876e+27 2.52008e+27 
65.2 2.07014e+28 2.07025e+28 1.03517e+28 3.40262e+27 
65.5 2.7944e+28 2.79454e+28 1.39734e+28 4.59303e+27 
65.8 3.77205e+28 3.77223e+28 1.88621e+28 6.19831e+27 
66.1 5.09173e+28 5.09198e+28 2.54612e+28 8.36215e+27 
66.4 6.87311e+28 6.87346e+28 3.4369e+28 1.12971e+28 
66.7 9.27773e+28 9.2782e+28 4.63933e+28 1.52436e+28 
67 1.25236e+29 1.25243e+29 6.26244e+28 2.05711e+28 
67.3 1.69051e+29 1.6906e+29 8.45341e+28 2.77839e+28 
67.6 2.28195e+29 2.28207e+29 1.14109e+29 3.74889e+28 
67.9 3.08032e+29 3.08047e+29 1.54031e+29 5.06244e+28 
68.2 4.15799e+29 4.1582e+29 2.0792e+29 6.83163e+28 
68.5 5.6127e+29 5.61298e+29 2.80663e+29 9.22065e+28 
68.8 7.57636e+29 7.57673e+29 3.78856e+29 1.24482e+29 
69.1 1.0227e+30 1.02275e+30 5.11402e+29 1.68041e+29 
69.4 1.3805e+30 1.38057e+30 6.9032e+29 2.26822e+29 
69.7 1.86348e+30 1.86358e+30 9.31835e+29 3.06198e+29 
70 2.51544e+30 2.51556e+30 1.25785e+30 4.13346e+29 
70.3 3.39549e+30 3.39566e+30 1.69791e+30 5.57883e+29 
70.6 4.58343e+30 4.58366e+30 2.29194e+30 7.53227e+29 
70.9 6.18698e+30 6.18729e+30 3.0938e+30 1.0165e+30 
71.2 8.35155e+30 8.35197e+30 4.17619e+30 1.37247e+30 
71.5 1.12734e+31 1.1274e+31 5.63727e+30 1.85248e+30 
71.8 1.52175e+31 1.52183e+31 7.60952e+30 2.50025e+30 
72.1 2.05415e+31 2.05425e+31 1.02718e+31 3.37545e+30 
72.4 2.77281e+31 2.77295e+31 1.38654e+31 4.55614e+30 
72.7 3.74291e+31 3.74309e+31 1.87164e+31 6.15117e+30 
73 5.05239e+31 5.05265e+31 2.52645e+31 8.30164e+30 
73.3 6.82002e+31 6.82036e+31 3.41035e+31 1.12095e+31 
73.6 9.20606e+31 9.20652e+31 4.60349e+31 1.51321e+31 
73.9 1.24269e+32 1.24275e+32 6.21406e+31 2.04163e+31 
74.2 1.67745e+32 1.67754e+32 8.38811e+31 2.7556e+31 
74.5 2.26433e+32 2.26444e+32 1.13228e+32 3.72177e+31 
74.8 3.05652e+32 3.05667e+32 1.52841e+32 5.02121e+31 
75.1 4.12587e+32 4.12608e+32 2.06314e+32 6.77942e+31 
75.4 5.56934e+32 5.56962e+32 2.78495e+32 9.15372e+31 
75.7 7.51783e+32 7.5182e+32 3.75929e+32 1.23531e+32 
76 1.0148e+33 1.01485e+33 5.07451e+32 1.66765e+32 
76.3 1.36984e+33 1.36991e+33 6.84987e+32 2.25108e+32 
76.6 1.84909e+33 1.84918e+33 9.24636e+32 3.03891e+32 
76.9 2.49601e+33 2.49613e+33 1.24813e+33 4.10104e+32 
77.2 3.36926e+33 3.36942e+33 1.6848e+33 5.53883e+32 
77.5 4.54802e+33 4.54825e+33 2.27424e+33 7.47285e+32 
77.8 6.13918e+33 6.13949e+33 3.0699e+33 1.00861e+33 
78.1 8.28703e+33 8.28745e+33 4.14393e+33 1.36198e+33 
78.4 1.11863e+34 1.11869e+34 5.59372e+33 1.83776e+33 
78.7 1.51e+34 1.51007e+34 7.55073e+33 2.48109e+33 
79 2.03828e+34 2.03838e+34 1.01924e+34 3.35039e+33 
79.3 2.75139e+34 2.75153e+34 1.37583e+34 4.52099e+33 
79.6 3.71399e+34 3.71418e+34 1.85718e+34 6.1028e+33 
79.9 5.01336e+34 5.01361e+34 2.50693e+34 8.23647e+33 
80.2 6.76733e+34 6.76767e+34 3.384e+34 1.11203e+34 
80.5 9.13494e+34 9.1354e+34 4.56793e+34 1.50156e+34 
80.8 1.23309e+35 1.23315e+35 6.16606e+34 2.02637e+34 
81.1 1.66449e+35 1.66458e+35 8.32331e+34 2.73381e+34 
81.4 2.24683e+35 2.24695e+35 1.12353e+35 3.69181e+34 
81.7 3.03291e+35 3.03306e+35 1.51661e+35 4.98431e+34 
82 4.094e+35 4.0942e+35 2.0472e+35 6.72937e+34 
82.3 5.52632e+35 5.52659e+35 2.76344e+35 9.08072e+34 
82.6 7.45975e+35 7.46012e+35 3.73025e+35 1.22634e+35 
82.9 1.00696e+36 1.00701e+36 5.03531e+35 1.65504e+35 
83.2 1.35925e+36 1.35932e+36 6.79695e+35 2.23329e+35 
83.5 1.8348e+36 1.83489e+36 9.17493e+35 3.01543e+35 
83.8 2.47672e+36 2.47685e+36 1.23849e+36 4.07009e+35 
84.1 3.34323e+36 3.34339e+36 1.67178e+36 5.49467e+35 
84.4 4.51289e+36 4.51311e+36 2.25667e+36 7.41707e+35 
84.7 6.09176e+36 6.09206e+36 3.04618e+36 1.00134e+36 
85 8.22301e+36 8.22342e+36 4.11192e+36 1.35178e+36 
85.3 1.10999e+37 1.11005e+37 5.55051e+36 1.82519e+36 
85.6 1.49833e+37 1.49841e+37 7.4924e+36 2.46193e+36 
85.9 2.02253e+37 2.02264e+37 1.01137e+37 3.32376e+36 
86.2 2.73014e+37 2.73027e+37 1.3652e+37 4.48546e+36 
86.5 3.6853e+37 3.68548e+37 1.84283e+37 6.05486e+36 
86.8 4.97463e+37 4.97488e+37 2.48757e+37 8.17756e+36 
87.1 6.71505e+37 6.71539e+37 3.35786e+37 1.10362e+37 
87.4 9.06437e+37 9.06483e+37 4.53264e+37 1.48975e+37 
87.7 1.22356e+38 1.22362e+38 6.11842e+37 2.00984e+37 
88 1.65164e+38 1.65172e+38 8.25901e+37 2.7141e+37 
88.3 2.22948e+38 2.22959e+38 1.11485e+38 3.6633e+37 
88.6 3.00948e+38 3.00963e+38 1.50489e+38 4.94589e+37 
88.9 4.06237e+38 4.06257e+38 2.03139e+38 6.67806e+37 
89.2 5.48363e+38 5.4839e+38 2.74209e+38 9.01028e+37 
89.5 7.40212e+38 7.40249e+38 3.70143e+38 1.21648e+38 
89.8 9.99182e+38 9.99232e+38 4.99641e+38 1.64263e+38 
90.1 1.34875e+39 1.34882e+39 6.74445e+38 2.21662e+38 
90.4 1.82063e+39 1.82072e+39 9.10405e+38 2.99108e+38 
90.7 2.45759e+39 2.45771e+39 1.22892e+39 4.03781e+38 
91 3.3174e+39 3.31757e+39 1.65887e+39 5.44923e+38 
91.3 4.47802e+39 4.47825e+39 2.23923e+39 7.35833e+38 
91.6 6.0447e+39 6.045e+39 3.02265e+39 9.93536e+38 
91.9 8.15949e+39 8.1599e+39 4.08015e+39 1.3409e+39 
92.2 1.10142e+40 1.10147e+40 5.50763e+39 1.80976e+39 
92.5 1.48676e+40 1.48683e+40 7.43452e+39 2.44405e+39 
92.8 2.00691e+40 2.00701e+40 1.00356e+40 3.29795e+39 
93.1 2.70905e+40 2.70918e+40 1.35466e+40 4.44965e+39 
93.4 3.65683e+40 3.65701e+40 1.8286e+40 6.01078e+39 
93.7 4.9362e+40 4.93645e+40 2.46835e+40 8.1127e+39 
94 6.66318e+40 6.66351e+40 3.33192e+40 1.09496e+40 
94.3 8.99435e+40 8.9948e+40 4.49762e+40 1.47715e+40 
94.6 1.21411e+41 1.21417e+41 6.07116e+40 1.99489e+40 
94.9 1.63888e+41 1.63896e+41 8.1952e+40 2.69252e+40 
95.2 2.21225e+41 2.21236e+41 1.10624e+41 3.63516e+40 
95.5 2.98623e+41 2.98638e+41 1.49326e+41 4.90792e+40 
95.8 4.03099e+41 4.03119e+41 2.01569e+41 6.62427e+40 
96.1 5.44126e+41 5.44153e+41 2.7209e+41 8.94283e+40 
96.4 7.34494e+41 7.3453e+41 3.67284e+41 1.20699e+41 
96.7 9.91463e+41 9.91512e+41 4.95781e+41 1.62944e+41 
97 1.33833e+42 1.3384e+42 6.69234e+41 2.19889e+41 
97.3 1.80656e+42 1.80665e+42 9.03372e+41 2.96796e+41 
97.6 2.4386e+42 2.43873e+42 1.21942e+42 4.00783e+41 
97.9 3.29177e+42 3.29194e+42 1.64605e+42 5.40773e+41 
98.2 4.44343e+42 4.44365e+42 2.22194e+42 7.30178e+41 
98.5 5.998e+42 5.9983e+42 2.9993e+42 9.854e+41 
98.8 8.09645e+42 8.09686e+42 4.04863e+42 1.33079e+42 
99.1 1.09291e+43 1.09296e+43 5.46508e+42 1.79604e+42 
99.4 1.47527e+43 1.47534e+43 7.37709e+42 2.42347e+42 
99.7 1.99141e+43 1.99151e+43 9.95803e+42 3.27229e+42 
100 2.68812e+43 2.68825e+43 1.34419e+43 4.4178e+42 
100.3 3.62858e+43 3.62876e+43 1.81447e+43 5.96357e+42 
100.6 4.89807e+43 4.89831e+43 2.44928e+43 8.04991e+42 
100.9 6.6117e+43 6.61203e+43 3.30618e+43 1.08609e+43 
101.2 8.92486e+43 8.92531e+43 4.46288e+43 1.46671e+43 
101.5 1.20473e+44 1.20479e+44 6.02425e+43 1.98004e+43 
101.8 1.62622e+44 1.6263e+44 8.13189e+43 2.6723e+43 
102.1 2.19516e+44 2.19527e+44 1.09769e+44 3.60752e+43 
102.4 2.96316e+44 2.96331e+44 1.48173e+44 4.86923e+43 
102.7 3.99985e+44 4.00005e+44 2.00012e+44 6.57198e+43 
103 5.39923e+44 5.3995e+44 2.69988e+44 8.87091e+43 
103.3 7.28819e+44 7.28856e+44 3.64446e+44 1.19767e+44 
103.6 9.83803e+44 9.83853e+44 4.91951e+44 1.61678e+44 
103.9 1.328e+45 1.32806e+45 6.64064e+44 2.18247e+44 
104.2 1.79261e+45 1.7927e+45 8.96393e+44 2.94676e+44 
104.5 2.41977e+45 2.41989e+45 1.21e+45 3.9762e+44 
104.8 3.26634e+45 3.26651e+45 1.63333e+45 5.36639e+44 
105.1 4.4091e+45 4.40932e+45 2.20477e+45 7.24674e+44 
105.4 5.95166e+45 5.95196e+45 2.97613e+45 9.77781e+44 
105.7 8.03391e+45 8.03431e+45 4.01735e+45 1.32026e+45 
106 1.08446e+46 1.08452e+46 5.42286e+45 1.78147e+45 
106.3 1.46387e+46 1.46395e+46 7.3201e+45 2.40516e+45 
106.6 1.97602e+46 1.97612e+46 9.8811e+45 3.24772e+45 
106.9 2.66735e+46 2.66748e+46 1.33381e+46 4.38438e+45 
107.2 3.60055e+46 3.60073e+46 1.80045e+46 5.91401e+45 
107.5 4.86023e+46 4.86047e+46 2.43036e+46 7.9862e+45 
107.8 6.56062e+46 6.56095e+46 3.28064e+46 1.07801e+46 
108.1 8.85592e+46 8.85636e+46 4.4284e+46 1.45492e+46 
108.4 1.19542e+47 1.19548e+47 5.97772e+46 1.96469e+46 
108.7 1.61365e+47 1.61373e+47 8.06907e+46 2.65125e+46 
109 2.1782e+47 2.17831e+47 1.08921e+47 3.57917e+46 
109.3 2.94027e+47 2.94041e+47 1.47028e+47 4.83127e+46 
109.6 3.96895e+47 3.96914e+47 1.98467e+47 6.52282e+46 
109.9 5.35752e+47 5.35778e+47 2.67903e+47 8.80662e+46 
110.2 7.23189e+47 7.23225e+47 3.61631e+47 1.18868e+47 
110.5 9.76203e+47 9.76252e+47 4.8815e+47 1.60447e+47 
110.8 1.31774e+48 1.3178e+48 6.58934e+47 2.16481e+47 
111.1 1.77876e+48 1.77885e+48 8.89468e+47 2.92121e+47 
111.4 2.40107e+48 2.40119e+48 1.20066e+48 3.94615e+47 
111.7 3.24111e+48 3.24127e+48 1.62072e+48 5.32535e+47 
112 4.37504e+48 4.37526e+48 2.18774e+48 7.19025e+47 
112.3 5.90569e+48 5.90598e+48 2.95314e+48 9.7096e+47 
112.6 7.97184e+48 7.97224e+48 3.98632e+48 1.30976e+48 
112.9 1.07609e+49 1.07614e+49 5.38097e+48 1.76819e+48 
113.2 1.45256e+49 1.45264e+49 7.26355e+48 2.38673e+48 
113.5 1.96076e+49 1.96085e+49 9.80476e+48 3.22225e+48 
113.8 2.64674e+49 2.64688e+49 1.3235e+49 4.34855e+48 
114.1 3.57273e+49 3.57291e+49 1.78654e+49 5.87076e+48 
114.4 4.82268e+49 4.82292e+49 2.41158e+49 7.91998e+48 
114.7 6.50994e+49 6.51027e+49 3.2553e+49 1.06979e+49 
115 8.7875e+49 8.78794e+49 4.39419e+49 1.44398e+49 
115.3 1.18619e+50 1.18625e+50 5.93154e+49 1.94953e+49 
115.6 1.60119e+50 1.60127e+50 8.00674e+49 2.63076e+49 
115.9 2.16138e+50 2.16148e+50 1.0808e+50 3.54945e+49 
116.2 2.91755e+50 2.9177e+50 1.45892e+50 4.79353e+49 
116.5 3.93829e+50 3.93848e+50 1.96934e+50 6.47168e+49 
116.8 5.31613e+50 5.31639e+50 2.65833e+50 8.73275e+49 
117.1 7.17602e+50 7.17638e+50 3.58837e+50 1.17927e+50 
117.4 9.68662e+50 9.6871e+50 4.84379e+50 1.59175e+50 
117.7 1.30756e+51 1.30762e+51 6.53844e+50 2.14836e+50 
118 1.76502e+51 1.76511e+51 8.82597e+50 2.89993e+50 
118.3 2.38252e+51 2.38264e+51 1.19138e+51 3.91513e+50 
118.6 3.21607e+51 3.21623e+51 1.6082e+51 5.28257e+50 
118.9 4.34124e+51 4.34146e+51 2.17084e+51 7.13242e+50 
119.2 5.86006e+51 5.86036e+51 2.93032e+51 9.63026e+50 
119.5 7.91026e+51 7.91065e+51 3.95552e+51 1.30021e+51 
119.8 1.06777e+52 1.06783e+52 5.3394e+51 1.75436e+51 
120.1 1.44134e+52 1.44141e+52 7.20743e+51 2.36868e+51 
120.4 1.94561e+52 1.94571e+52 9.72902e+51 3.19724e+51 
120.7 2.6263e+52 2.62643e+52 1.31328e+52 4.31645e+51 
121 3.54513e+52 3.54531e+52 1.77274e+52 5.82556e+51 
121.3 4.78543e+52 4.78567e+52 2.39295e+52 7.8646e+51 
121.6 6.45965e+52 6.45997e+52 3.23015e+52 1.06126e+52 
121.9 8.71962e+52 8.72005e+52 4.36024e+52 1.43326e+52 
122.2 1.17703e+53 1.17708e+53 5.88571e+52 1.93394e+52 
122.5 1.58882e+53 1.5889e+53 7.94488e+52 2.61096e+52 
122.8 2.14468e+53 2.14479e+53 1.07245e+53 3.52405e+52 
123.1 2.89501e+53 2.89516e+53 1.44765e+53 4.75686e+52 
123.4 3.90786e+53 3.90806e+53 1.95413e+53 6.42283e+52 
123.7 5.27506e+53 5.27532e+53 2.63779e+53 8.67011e+52 
124 7.12059e+53 7.12094e+53 3.56065e+53 1.17029e+53 
124.3 9.61179e+53 9.61227e+53 4.80637e+53 1.57948e+53 
124.6 1.29746e+54 1.29752e+54 6.48793e+53 2.13215e+53 
124.9 1.75138e+54 1.75147e+54 8.75778e+53 2.87936e+53 
125.2 2.36412e+54 2.36424e+54 1.18218e+54 3.88432e+53 
125.5 3.19123e+54 3.19138e+54 1.59577e+54 5.24489e+53 
125.8 4.3077e+54 4.30792e+54 2.15407e+54 7.08014e+53 
126.1 5.81479e+54 5.81508e+54 2.90769e+54 9.55286e+53 
126.4 7.84915e+54 7.84954e+54 3.92497e+54 1.29035e+54 
126.7 1.05952e+55 1.05958e+55 5.29815e+54 1.74134e+54 
127 1.43021e+55 1.43028e+55 7.15176e+54 2.34976e+54 
127.3 1.93058e+55 1.93068e+55 9.65386e+54 3.17143e+54 
127.6 2.60601e+55 2.60614e+55 1.30313e+55 4.28302e+54 
127.9 3.51774e+55 3.51792e+55 1.75905e+55 5.78117e+54 
128.2 4.74846e+55 4.7487e+55 2.37447e+55 7.91542e+54 
128.5 6.40975e+55 6.41007e+55 3.20519e+55 1.06821e+55 
128.8 8.65225e+55 8.65269e+55 4.32656e+55 1.44262e+55 
129.1 1.16793e+56 1.16799e+56 5.84024e+55 1.9466e+55 
129.4 1.57654e+56 1.57662e+56 7.88351e+55 2.62716e+55 
129.7 2.12811e+56 2.12822e+56 1.06416e+56 3.54765e+55 
130 2.87265e+56 2.87279e+56 1.43647e+56 4.78972e+55 
130.3 3.87767e+56 3.87787e+56 1.93903e+56 6.46518e+55 
130.6 5.23431e+56 5.23457e+56 2.61742e+56 8.72284e+55 
130.9 7.06558e+56 7.06593e+56 3.53314e+56 1.17761e+56 
131.2 9.53753e+56 9.53801e+56 4.76924e+56 1.59038e+56 
131.5 1.28743e+57 1.2875e+57 6.4378e+56 2.14558e+56 
131.8 1.73785e+57 1.73794e+57 8.69013e+56 2.89677e+56 
132.1 2.34585e+57 2.34597e+57 1.17304e+57 3.91018e+56 
132.4 3.16657e+57 3.16673e+57 1.58344e+57 5.279e+56 
132.7 4.27443e+57 4.27464e+57 2.13743e+57 7.12346e+56 
133 5.76987e+57 5.77016e+57 2.88522e+57 9.61836e+56 
133.3 7.78851e+57 7.7889e+57 3.89464e+57 1.29832e+57 
133.6 1.05134e+58 1.05139e+58 5.25722e+57 1.7527e+57 
133.9 1.41916e+58 1.41923e+58 7.09651e+57 2.36574e+57 
134.2 1.91566e+58 1.91576e+58 9.57928e+57 3.19319e+57 
134.5 2.58588e+58 2.58601e+58 1.29307e+58 4.30962e+57 
134.8 3.49057e+58 3.49074e+58 1.74546e+58 5.81678e+57 
135.1 4.71177e+58 4.71201e+58 2.35612e+58 7.85358e+57 
135.4 6.36023e+58 6.36055e+58 3.18043e+58 1.05984e+58 
135.7 8.58541e+58 8.58584e+58 4.29314e+58 1.43115e+58 
136 1.15891e+59 1.15897e+59 5.79513e+58 1.93124e+58 
136.3 1.56436e+59 1.56444e+59 7.8226e+58 2.6077e+58 
136.6 2.11167e+59 2.11178e+59 1.05594e+59 3.51906e+58 
136.9 2.85046e+59 2.8506e+59 1.42537e+59 4.75229e+58 
137.2 3.84772e+59 3.84791e+59 1.92405e+59 6.41369e+58 
137.5 5.19387e+59 5.19413e+59 2.5972e+59 8.65566e+58 
137.8 7.01099e+59 7.01134e+59 3.50585e+59 1.16871e+59 
138.1 9.46385e+59 9.46433e+59 4.7324e+59 1.57711e+59 
138.4 1.27749e+60 1.27755e+60 6.38807e+59 2.12987e+59 
138.7 1.72443e+60 1.72451e+60 8.62299e+59 2.87531e+59 
139 2.32773e+60 2.32785e+60 1.16398e+60 3.87973e+59 
139.3 3.14211e+60 3.14227e+60 1.57121e+60 5.23859e+59 
139.6 4.2414e+60 4.24162e+60 2.12091e+60 7.07082e+59 
139.9 5.7253e+60 5.72558e+60 2.86293e+60 9.54472e+59 
140.2 7.72834e+60 7.72873e+60 3.86456e+60 1.28857e+60 
140.5 1.04322e+61 1.04327e+61 5.21661e+60 1.73886e+60 
140.8 1.4082e+61 1.40827e+61 7.04168e+60 2.34735e+60 
141.1 1.90087e+61 1.90096e+61 9.50528e+60 3.16801e+60 
141.4 2.5659e+61 2.56603e+61 1.28308e+61 4.27794e+60 
141.7 3.4636e+61 3.46378e+61 1.73197e+61 5.77464e+60 
142 4.67537e+61 4.67561e+61 2.33792e+61 7.79372e+60 
142.3 6.3111e+61 6.31141e+61 3.15586e+61 1.0516e+61 
142.6 8.51909e+61 8.51951e+61 4.25997e+61 1.42021e+61 
142.9 1.14996e+62 1.15001e+62 5.75036e+61 1.9167e+61 
143.2 1.55228e+62 1.55236e+62 7.76217e+61 2.58731e+61 
143.5 2.09536e+62 2.09546e+62 1.04778e+62 3.4939e+61 
143.8 2.82844e+62 2.82858e+62 1.41436e+62 4.7141e+61 
144.1 3.81799e+62 3.81818e+62 1.90919e+62 6.36286e+61 
144.4 5.15375e+62 5.15401e+62 2.57713e+62 8.58784e+61 
144.7 6.95683e+62 6.95718e+62 3.47876e+62 1.15991e+62 
